0	0	0
0,7359456951164849	0,9654280781053043	-0,6705183928764602
-0,8617309438693957	-0,6224545285711148	0,4034840296022448
-0,9003973915343297	-1,4504880563623943	1,0267000650474452
1,4238246283611076	2,366276084529697	-2,0171209570927147
0,16613492288472637	0,9017759142066728	-0,5007384236558113
-0,7768053551650833	0,16397803458714233	-0,2222021042568296
-0,13381354077990998	2,295376094796278	2,2787975310589936
0,678624110439298	-0,7664354188509853	0,23565992021776289
-0,014111622074863966	0,3716160467378837	-0,9528526759002344
0,33025227849192085	0,13287083742866357	0,2552322821140637
0,6110049622321919	0,3933449773732776	0,3475808127663147
0,1996031680765168	1,5917176392265877	1,8232186431674455
-0,4607596791993329	-0,5953747890317521	-0,19583283465337065
1,4259615170767181	-1,0875727919505922	-0,7523805375657477
-0,7516158655804661	0,8082197520048147	-0,0550899256566553
0,5650977244677592	-0,5362897729787698	0,13066261851540714
-0,951031009057582	0,48913589493525744	0,12634910248316858
0,8687212677462863	-0,656092926629605	-0,7563849650942579
-0,1703758635456408	-0,2177601540920778	1,3803393641983255
0,942971549392034	1,3439677456250625	-0,8772103675369556
0,779746403693404	-0,5971689003380236	-0,5220587792738997
-0,8839708894584704	-0,6263652569660447	-0,21763487723708408
0,4889433170575634	-0,43436811156117666	1,1672183729136343
0,5934228307052895	0,8240721667565762	0,012227625403455816
-0,012779710787349241	0,28640045077163695	0,7327581266674414
0,01641435168116643	-1,4330875077198892	-1,4569633732884786
0,23930972595673694	1,1236058555124213	0,9016367013404897
-0,4268409485017407	-0,6416321998886494	-0,04591644799047353
-0,7063190054649147	-1,5500111403859371	0,8756966957071307
-1,1262302418842933	1,1559128602960766	-1,3938393275289889
0,8742213698919367	1,0684586504524383	-0,5609018454830805
-0,43756169924433824	-0,22023544001183115	0,36860581338465004
0,5087185633279838	-0,8807528141655157	0,719288414101378
-0,08710228988485967	0,503113450600011	-0,6606442152930759
0,7465516114442942	1,5652581649920418	-0,94201361346709
1,0205087307939202	-1,5446875599887646	2,3579686373108015
-0,6368236918846337	-0,04164918989558227	0,7804509447992739
0,2741252186250141	0,8759915825681939	0,2505949403354832
0,35744934972810377	0,5279663326419953	-0,04721484253094502
0,14860154393592087	0,11815178023746706	-1,0228098405558825
0,49584611767710113	0,3695538567207631	0,7991039011479765
0,8443440474066456	-0,020310478379450735	0,15881880657709588
0,8169534850712383	-0,2481545017637635	0,22420581759719596
-0,34187968361085924	-0,3190147498557919	0,733058508870939
0,25796003196412604	-0,4311688787867982	1,0776662787758597
-0,0732819872795508	0,069940818312362	-0,9156805129114163
-0,8406657036902921	0,5152771946855508	-1,026584282285867
0,1640696510454892	-0,029758877408175642	0,7959907954900938
0,13963506720535787	0,12125447638605949	-0,25236731328396467
-0,2017031811702196	-1,408665165605968	-1,4923827490804351
-0,16989238235979473	-1,1985669339275578	-1,4220075218175547
0,5051095413042866	0,4833016969532968	0,4154823459592637
0,7283262504889932	-0,021998143390124084	-0,3225874209267116
-0,48095826421050697	-0,5468256936205071	0,030225840160931723
0,7393975099778359	1,154835278036751	0,9072279764785268
0,2482624307073524	0,006127275657943106	-0,8415614288236367
0,5702915815945735	-0,01927093841508323	-0,7245338145102197
0,1526224077971848	1,2455748199219978	1,5210020425451793
-0,7463077065305663	-0,3954364009034405	-0,4051294728835362
0,30413937114571	-0,46294595721237936	1,0410711908298964
1,1782493450349936	-1,6277605657984688	2,244504753540379
0,9648059505434196	1,1729732524871963	-0,7760775487648471
0,2521042371436758	0,4576364656383563	0,4916800626269492
0,8097847841128265	-0,7313656695193108	-0,34990729488291317
0,45790331794160966	0,715151457325625	-0,30602791058335477
-0,9888627456816073	-1,9934788332195765	1,3308057580105586
-0,04953619493485284	0,5186216251967526	-0,37361211088302504
-0,5403613610073941	2,9246609630262874	2,9631940280119897
-0,020423386038233998	-1,415957765204417	0,3931929853648174
0,47417447125665596	-0,9759590022515556	-0,127304382648554
0,5586413481285781	0,21132760256857944	0,6910074017452366
-1,3974085826973124	0,8722240635898881	0,9570771774076667
0,5462714013688428	-0,28688959395370683	-0,8642783267721397
0,47864523963971084	0,913869529354605	0,30100766878901
-0,152372854410921	-2,033174109585623	-2,0192187549814378
0,1854199722114992	0,038696783348978504	-0,9049142857161548
-0,11467644334716319	0,1285613984750931	-0,7915332134269023
0,4409273196475194	-0,0392078717824474	-0,2937449145738623
-0,8402831155103363	-0,022833013985844853	-0,35244588091727175
-1,255518075036726	0,7146841675655076	0,8967301864301511
-1,2936729402837694	-1,8611927284235528	1,572617235417844
-0,6071013256686366	0,48932871303992415	0,5186508027773026
0,5112851825368308	0,43774836158600505	0,7400010267697408
0,6163879169758035	1,0159165886753792	1,283134079380439
-0,35578748461374776	0,4813450196808934	0,7938707265538656
0,8872176409589573	-0,18484858193475545	-0,4853329203979516
0,7111193021398675	-0,018785626279466082	-0,21345166188550216
-0,975697342414839	-1,2865972354826398	1,0234697459960111
0,18664463574299792	0,6379537491519686	-0,23837297153550435
-0,9463891381859666	0,5173861548053137	0,5404244941301822
-0,6590174139857026	0,8811717284557133	0,9189377729845501
0,19410635368792095	-0,22203886388118055	-0,97442248240435
-0,7446413038670914	0,710719073045536	-0,9588761714740323
-0,33641484700775903	-0,32875289139059527	-0,14483397744488388
-0,8415126485493871	-0,04826171552990095	0,5507573753243145
0,4046757965396165	-0,2428891932888663	0,025620105213506165
-0,7335381184651708	-0,060254805903086885	0,35573003248898366
0,6275259173869708	-0,0864719315154041	0,4663193314086902
-0,7160329576865205	-0,9089699849988268	0,4209895028306185
1,4142213883450294	-2,2035967878904072	2,7817865973248708
-0,7563513177979214	0,8840620277205942	-0,06545479343818382
0,5244823153078103	-0,04755862492631957	-1,2206255988632635
0,8596753759172462	0,5063024516463526	1,0120606438472657
0,37037649337302253	-0,42125743965537765	-0,4074223500907862
0,9156384415399208	-0,9429811297813502	1,3283882097105162
0,26581661364061443	1,8199468153332472	1,9318977927390222
0,37549308767619	-0,3590635133177569	-0,7208306469357679
0,6937236755570624	-0,3873066206684787	0,9720319407650548
-0,248752977595002	0,46034821515014446	-1,0353583846154213
0,5328737298994497	0,12874434244797897	0,8103473424408633
0,8088531003214543	0,03870760982563277	-0,26173907280113307
-0,5466694612559706	0,4542190826260397	-0,5083722582143894
0,19047194509384072	-0,351534505114162	-0,17545799690896352
-0,7562852064912361	0,2807982501346017	-0,35530299107392416
0,47265948751973536	0,5267697754033299	-0,6077488827053069
0,042965951797124466	-0,2640107038898578	0,9109040758593719
-0,539719311332368	0,1510810223937708	-0,53441060100842
0,8555159033015921	-0,40416245549990926	-0,8573835126686788
-0,41799403749931974	-1,0208246142932087	0,43763562094059333
-0,5812884440395273	-0,7456603217727181	-0,4006736902962045
-0,5576258690524105	-0,5004797279349521	0,8931669014946211
0,547758853084938	-0,6283597125052081	1,3968592265424198
-0,5496160798041154	-0,5446961771743374	-0,1302188880037817
-0,9513172530807633	-0,9145075241526143	0,32784014662160554
0,344768834370432	0,8642453291733863	-0,7593311948985232
0,9671202293178659	-0,6033367937382753	0,4223428425498946
0,632591042814288	0,1981111017893962	-0,4894582112749566
0,04023368901787044	-0,9261641164486288	-0,16857361596893508
0,839793589931234	0,3656173536234734	0,49941979012452514
-0,48543468420147473	0,7808803628290031	-0,0041052831508280275
0,7897770739684982	0,19239104001608676	0,24996139136815934
0,011732309048396276	0,010748156646587313	-0,12774408153559638
-0,2725601107537244	-0,16114053426711275	0,14274312966104483
-0,36544225962877697	0,23224722950442225	-0,22501689563840163
0,6561754793678866	0,33143468443495866	0,4508734406856758
0,08635058770324229	0,676894673037848	0,5141203066087842
0,4032220419274041	0,7833993653157469	-0,3238554164954528
-0,21714750182452225	-0,20791764184899758	-0,12309094900932982
-0,482441127096998	0,5629786310978315	0,019110376249987127
0,09295407177051444	0,8918992365539038	-0,38567039709956724
0,6321742801673302	0,8012066068732233	0,6090180911232499
-0,5830032684374237	0,13871029028300896	-0,46798314234595534
-1,2451694006911274	1,610781858942267	-2,084700790861568
-0,8576082445900438	-0,16614549447798174	-0,1569348914204683
0,7235263725581494	-0,6064788455852514	-0,3597958926445547
0,40962910226928223	0,9147547431384969	0,7849362533676706
-0,7715882143249475	0,9809474600851048	-0,01570754838851204
-0,8731733194751012	0,6653282621968462	-0,31071949486070743
-0,1932581931011068	0,20712136996267252	-0,8200758096190319
-1,4518852248949587	1,1699563704532563	0,7210371182808523
-0,23291365952723073	-0,8193793499023462	0,04319491586061946
0,7592604633904985	1,1155312044884673	-0,6537836247604112
0,8719355214827494	0,7322871506407213	-0,37624349388532524
-0,3039103188143737	0,34994798449208137	-0,4322474719913063
-0,4871482432729813	0,1388532394324298	0,9728340528724104
-0,6431652507802602	-0,5455738650844559	-0,7299786291206827
-0,08504501135601594	2,2222825030239535	2,2843854215858084
-0,9628794418730332	-0,7445089547683992	0,026009334772072967
0,8035057778289674	0,16265367449474302	-0,1905660559973252
-0,1531246803706495	2,2322787906542905	2,2544152235912236
-0,7462569826382621	-0,6291072992324903	0,07297334808350701
0,23051472693081831	1,5479916013015187	-0,54080039509468
0,8059687354241647	1,7520073149987756	-1,0602255979280346
-1,153897635860182	0,8961042008906744	-0,8437625715729139
0,7414094658305365	-0,08983216554657121	-0,18029739456383348
0,11185048118758638	-1,128015093272795	-0,6711188633415401
0,35821984888394165	1,7875657027311325	1,868171097639217
0,7009470252854253	1,3627840083719607	-0,7445277869335034
0,00904204509314073	1,2313069714447815	-0,2552579911365878
0,16843824835868224	-0,7929668647754261	-0,45066825406173244
0,6043662069229948	-0,5054333036376156	-0,5631951415533023
-0,4111545978915504	0,492903648376836	0,310554822264235
-0,6399662507991535	-0,6339833453967915	0,2776408525076374
0,942006650925173	-0,3423418896026611	-0,5609367635591143
0,1919886335963866	-0,7635370830153826	0,6561816698744589
0,7925706378089669	0,39876371484191353	0,538113129253816
-0,5091182084829989	0,3167687457060659	0,424770889682709
-0,08709078640384474	-2,2312912522054744	-2,2048234762350862
-0,6689107113000439	0,7851842446128484	-0,9992482612212119
0,26608791805311643	0,5575112687955875	-0,2997804600036781
-0,21626129387308238	-0,28462956244753973	-0,6291763531793175
-0,2911936281724606	-0,5189080105570035	-0,008500666540250194
-0,40755791666192875	0,01683472165353952	0,8315235912024167
0,4946784799435251	-2,823391679039474	-2,8842605732834117
0,5826974605486516	-0,7013618649643778	0,35642992620370006
0,042914601385413434	0,7856471322139515	0,8026968318256158
0,7672455678956395	2,268461934068302	-1,2925727458931326
0,5265823203539426	-0,7924220558133543	-0,21529629689845778
0,42814235792062605	-0,06100025926977692	-1,0500417192203224
0,13998307270007873	0,1887575075372981	0,10774839161351034
-1,1433497598078135	0,862153910194493	0,7594801389517061
-0,3846072946289561	-0,55266378118181	0,371531365862529
-0,7553332873848818	-0,5782620383561137	0,7976905889745287
0,8871046554742748	1,3094739716462067	-0,8663117101071396
0,12557869575924518	0,27137141921581603	0,1850055215521342
-1,4179737066998783	1,1182328798068621	0,7387818928898192
-1,0575020067584961	1,604695414353474	-2,405916045724576
0,09191030470381928	-0,7461604489083542	0,7237638820989345
0,764148176461038	-0,045343379892138144	0,5571448383444572
0,905256620893801	0,37427467551518834	-0,4141157676521471
-0,42730180763710784	-1,5531900669694865	-1,4793997510167742
-0,17599657675532196	-0,37632780859280907	-0,32828870563609885
-1,2396914854647256	0,7966634278796617	0,8270995094788619
-0,7353074094349417	0,6595828749684569	-0,8640150450602312
0,25163412407150576	-0,3792424478520757	-0,31100679724614744
-0,6853920805441109	-0,569287890803601	0,22209912562986275
0,39419767971943354	-0,4104443307177057	0,7424160100512047
-0,4234047731211973	0,5991894409867798	0,1735826256140353
-1,0571042059365958	1,1201878291329632	-1,469115662105446
0,8832752396355776	0,7489339685511026	0,7282947711253669
-0,26120759937210686	0,4529807609674318	0,24496202721500893
0,011245075089912559	-0,549825800949535	-0,714310623154101
-0,3889150530686993	0,2722772991361021	-0,29459986087916396
1,5184670158496012	-2,4241696494765703	2,9659154952496762
-0,6642659405299782	-1,1457791422836716	-1,3632613487188474
0,9770431587179736	-0,7219281449201588	1,2346377697749524
0,3821377954159294	-0,7609190729562825	1,5566869783999606
0,8177585241153942	0,773060327322912	0,11164486168332095
-0,06561483644898507	-2,1201751442471948	-2,203491162950373
-0,6648603322138921	0,7965625956695689	0,1985798606306062
0,9578133497523399	0,156238670305112	0,43727044450667707
0,1621771438573119	-0,9217426276522552	0,33696149576859613
0,18805042861649454	0,38397407951329715	-0,6500946882636341
0,4930170914935997	1,5962526131631865	-0,8160875007299055
0,9032853386513271	1,5525720893743364	-1,0868899327800512
-1,262479383945162	-2,6369979307202756	1,9942899895158004
-0,043511604683180036	-0,9995630878074401	0,24012551535654314
0,6494205026957515	-0,11891930873173262	0,3189536210403388
0,5729945869891201	-0,6602313801184819	0,4971168709330499
-1,2570454228126484	2,0414392949072235	-2,8079888407583136
0,6640754451269192	-0,2642442795199708	-1,031641934373317
-0,0790500453764973	-0,1763165041662452	-0,46868686589492076
1,0179706777028725	0,7460991985574382	0,640721587889528
0,6789660027258183	-0,7159560866732804	1,4052821009726195
-0,09707552297819093	2,329472413040366	2,32336301808591
-0,37731903118744575	0,28151393327835095	-0,42332853007573906
-0,45237256124864633	-1,2085357168686257	-1,375326115720922
-0,22448823397244985	0,5411721931542145	0,3645930387681954
-0,5638015059784365	0,3517932254301792	-0,5953393298004902
-0,8184930736794832	0,3521302272964792	0,736300320130995
0,31187494355613576	-0,314534265011472	-0,5344696585914152
-0,8380949924554887	0,6595598224930062	0,58017761699854
0,49761017201843266	0,48840818730386965	-0,8688680493374321
0,14466666639660408	-0,7459365091848315	0,16613058584333407
0,734268286199071	1,0016154314032566	1,044144068407881
0,9818953545204582	0,008047380921515492	0,6577381575943557
0,7383137542566625	-0,5546097055232538	0,37537466231147043
0,1603941898789746	-0,2654485616943254	0,6258527376811448
0,7182317310717764	-0,7214703182339263	-0,288837939949841
-0,32908588103556213	-0,6267535128350847	-0,37218737878060165
0	0	0	0	0	0	0	0	0	0	0	0	0	0	0	0	0	0	0	0	0	0	0	0	0	0	0	0	0	0	0	0	0	0	0	0	0	0	0	0	0	0	0	0	0	0	0	0	0	0	0	0	0	0	0	0	0	0	0	0	0	0	0	0	0	0	0	0	0	0	0	0	0	0	0	0	0	0	0	0	0	0	0	0	0	0	0	0	0	0	0	0	0	0	0	0	0	0	0	0	0	0	0	0	0	0	0	0	0	0	0	0	0	0	0	0	0	0	0	0	0	0	0	0	0	0	0	0	0	0	0	0	0	0	0	0	0	0	0	0	0	0	0	0	0	0	0	0	0	0	0	0	0	0	0	0	0	0	0	0	0	0	0	0	0	0	0	0	0	0	0	0	0	0	0	0	0	0	0	0	0	0	0	0	0	0	0	0	0	0	0	0	0	0	0	0	0	0	0	0	0	0	0	0	0	0	0	0	0	0	0	0	0	0	0	0	0	0	0	0	0	0	0	0	0	0	0	0	0	0	0	0	0	0	0	0	0	0	0	0	0	0	0	0	0	0	0	0	0	0	0
0,5291295799935397	-0,6789673098253389	0,9560110156974078	1,3476336839945506	-2,4788659019252868	-0,5841773935907072	0,6904764049606427	2,2466507672793945	-7,466401823707159E-05	0,36157773634561324	-1,0143191949367665	0,45509760661066256	1,6810865198392755	0,4296242912599451	1,236045975803077	-0,6809490260475921	0,6594636523196491	0,06083832901067325	0,27328277834429093	-1,0413339592912543	-1,3724871377356602	0,5971442140559787	-0,7969509024252048	-1,199460019775661	-0,661094518017207	0,09516751047329956	-0,8470383130070502	0,633487023541337	0,8369118021958831	1,3865080570021213	1,2234260352225135	-0,877915535131011	-0,037029432465608886	-0,22136698237082394	0,44573612273090607	-1,3868871444177737	-2,2751981074559393	-0,1430831138572698	0,011703594456445294	-0,24647050994005013	0,8962419437085449	-0,07155742040057736	-0,37810435761011196	-0,0016975197630606342	-0,533316112244972	-0,642624000086683	0,6461671552943022	0,5667209276654084	-0,9933478089715844	0,4871133461458744	-1,2091903829749464	-0,8304177343094413	0,39096160814433145	0,29233643594777114	0,20183873267221364	0,654129671690673	-0,00017014917199898374	-0,39195659126244026	1,2430672429080805	0,42959849374155856	-0,6231842856979077	-2,0814144286180385	-1,2555819700020292	0,8299940113944073	0,8740288151115405	-1,1006019711024044	1,9542689769226294	-0,4925885649363193	3,472635544674779	1,0813668041574989	0,783480590339407	-0,17648017971924626	-1,3944822137102957	0,5674044828488696	0,1321015564492186	-2,2144526052525237	0,19120145572891964	1,00304312262752	0,5909533705024501	0,4375086561938038	-0,9915832589288786	1,8371530859461238	-1,054534059035141	0,7504978222983564	1,1542229060516558	-0,3919076538241407	0,6331335973193087	0,5088301625483542	1,2987168211552773	-0,8848513791388886	-0,28218300397753343	-0,07567658232055666	0,22147613233730465	0,7836000686938605	0,5307216920614984	-0,33365679047961677	0,7302950485166573	-0,026836375235627364	-0,7422399897651464	0,8728935667411242	-2,9324068215157024	-0,061862406050625346	0,9942602152193596	0,5584993097997227	0,6430737514326478	-1,380345771595592	1,8802621472545689	0,18488317421676548	-0,9780712425917523	0,6567759560286024	0,00553336208498031	0,848643460435986	0,11266466331506818	0,42741151497647745	0,1382484122290704	-0,7414873127208684	-0,5035945799921555	0,4253513515127019	1,1902715801079817	1,1949909973816433	-0,5428889348332917	0,019314623215393505	-1,1372204397821373	0,7676544944451325	0,4771658095711506	-0,14574593316021994	-0,08852033379987412	-0,3603895076482145	0,03086964847683661	0,03719657274885122	-0,0523180470431184	0,7611550758550274	-0,6026559471951176	0,2111507973513102	-0,5400276715000597	0,29991711113517366	-0,282090329397333	-0,45735269376752513	0,7221136793463511	-0,6267930420970473	-0,8363341547155793	0,17528044195352163	0,8889325573227839	2,1251077121365625	0,815532002698179	0,040688529012910805	0,4875242245756395	-0,17732784803355184	0,21612815469165975	0,11455771258166315	-1,3740866126943554	0,9769920393233701	-1,1667442191596924	-0,6733123007977043	0,8759692112598486	-1,0075545129653076	0,13987819311112143	2,268759725753453	0,4932009870594788	-0,4497782274860084	2,14894970464419	0,44399406294484	-1,2187683466223707	-1,7182438080399804	0,7587854000970334	0,0021684341007102027	-0,31766796325127783	1,8193591738608939	-1,4814608039700432	-1,2327265051262726	-0,01983151375575717	1,101655001322285	-0,04979614477165435	-0,2138429571054138	0,26719618445415466	-0,050306498092559625	0,6540658426146319	-0,6863367785647242	-2,4792225199380398	0,8431808375110738	-0,7624277208492943	-0,3354909175876833	0,8493049376718902	0,04770325360406705	-3,1846171016408986	0,3778677552738004	0,5990172301383523	-2,047407254608914	1,0851630346404522	0,7059254294486641	0,48390922816020326	-0,755644513657137	0,853336794138644	0,13644467580806105	-1,2133692735433432	-0,03446906565062265	-1,3800526568049756	2,30064504085938	0,17283446960264714	-0,7666501636216347	0,1509829980318154	-1,5943906052843053	0,5227688897280766	-1,267654873577855	0,9778027203530225	0,6139628548891306	0,5722624294627454	-0,9998755324529689	-0,909251811463176	1,331754485507038	0,35755827270426366	-0,18709993637419436	0,13893815251039038	0,016364535821904235	-3,0736504933587687	-1,2853038905990195	-1,231451166125227	-0,8540794638082184	0,3251397927171388	-2,2878446487281674	-1,0028159883766503	-0,2908147034118093	0,27736185438849237	0,14483509781337708	-1,0440288357602592	-1,2353584399759634	2,7022454133665397	1,040574720285477	0,7490889347775879	0,15946184383948864	2,803385955711974	0,9324846113899347	0,2766765345176114	0,04281114943014301	-1,398469050706112	2,4901202967279366	-0,46403806186082686	-0,9751815347506774	-0,5560337461007854	0,08451823577785303	-0,13191392973987295	0,7762682708924239	-1,0975682585960156	-0,0309485502576965	0,8558428589585909	0,8652232468943827	0,3694557357873927	0,18455756902381892	0,0066474849805988005	0,04446128683157179	0,23323036369335834