0	0	0
-0,5330136706662484	0,4207040894594351	-1,148692325110305
0,1770335618659439	1,1723141121132716	0,9435821974198043
1,2129513577070532	-0,6320069345508258	-1,0505543605598122
0,2381961150479067	-0,21966701780402703	0,8091036650857962
-0,515911896220285	3,004216423603014	2,992977213701797
0,15473677411914247	-2,451701261638668	-2,572459206912553
-0,12245386894180829	-0,26969601510001945	-0,0011824960340711217
-0,8646142144814478	-1,903278842075277	1,1795192723692132
-0,8657397254158197	0,5238810156428753	0,9182500017340859
-0,1663177676543592	-0,11019322330438909	1,1673210083554968
0,38135726202862674	1,6191308323704385	-0,7108490288804121
0,4164738748299001	-0,38949201103537284	-0,6069571551612843
-0,9982569130508989	0,8745607816260377	0,4189118572514636
-0,0555633330039511	-1,4742791898731087	-1,386356599076949
-0,6521616649198354	0,7672748003504636	-1,5505996202785808
-0,9501207070629031	0,35832009182561436	-0,6830125089573952
-0,3048141378907022	0,194789945432225	0,7274832978688224
-0,5951896199910552	0,9469912950602578	0,10081787961982924
0,7420813531064862	-0,05159812974410634	-0,23333037464400397
0,6694104012503881	-0,8836665076004672	-0,2648433592378303
-0,7592997100405201	0,39832684314040406	-0,7714892270977294
1,6315793055815446	-0,9896942574926452	-1,1459792226071577
-0,29431143637993745	2,7024904602861213	2,7273237760097304
-0,14268953952969426	1,0144550400945078	-0,3394245644689844
0,4553693232147445	-1,0271662084511002	-0,05129362839753929
-0,4566138194844559	0,48854757051766046	-1,3303179487672825
1,4581792410620427	3,2456516595013225	-2,52744901889756
-0,8661321340473249	0,05392681911952521	-0,5421531664882738
-0,9047854002486382	-0,03268694435335781	-0,5676666485396621
-0,7326822850608822	0,7297659684656662	-1,398916882210413
-0,17581668301598738	-1,1469775231932258	-1,3021837381960275
0,7614770103256313	0,19417042432785567	0,5242795803166357
1,3924521022671865	3,400881169282821	-2,5304178880650934
-1,4927792960515929	2,7234598567026596	-3,5798083686997235
1,1959211120063695	-0,6785441914330418	-0,9898744472229551
-0,5173468854834885	1,1242504071844144	0,13936641698509655
0,8765736614207785	1,8474675629348922	-1,1795277401844035
1,767829765643881	-3,217331792547564	3,9299217572689202
0,9255831371199202	-0,9789167568653663	1,4904811861680265
-0,546615001148597	-0,9803281647128418	0,5464866487025569
0,8903552442183689	-0,3601933899386018	-1,144850890719067
0,8850725943524661	0,8799130062443489	0,833485179911197
0,8756038129140238	-0,6865555668606045	-0,614883400078303
0,6694196668944171	-0,889632355746566	-0,26500047939551685
-0,8496144943602331	0,3927745120442771	0,015435210339711092
0,5227355509789453	1,28216943111108	-0,5866882501836851
0,2839215694956623	-1,0244118974429781	-0,6986997283741565
0,14737337111468848	1,171558839242572	-0,29915246755643454
0,6221176244431363	-1,1244452376112457	-0,21967200453762312
0,272272265780543	-2,5946093054297985	-2,655960842927989
0,6139214335033694	0,8679354324558564	0,9363180192753567
0,8884206404253873	-0,8057552438089914	1,2788303379875654
0,3948661879645819	-0,9699923633523934	0,01429895598873444
-0,7529667772038413	0,43043661305752107	-0,8557712955072976
-0,351203812645726	-0,971189364278568	0,8748444002431223
-0,44044311147423487	0,2010602594147907	0,11265502900174836
-0,37949322840580474	-1,5353792103863455	0,6251953150642979
0,6823028732063258	1,1129071874711935	0,8681510726180164
-0,5981335181648892	-0,6597177221032691	-0,023103799405062356
-0,02121422662519538	0,9234595302250124	0,16798611129460544
-0,2511303874940036	0,35340587708240345	-0,09933263180430772
-0,3459444412246429	0,20297953318287665	-0,06873361646858045
-0,2974138516979952	-1,8213353871266513	-1,9290426458908165
-0,7101510847310923	0,6777884931007867	0,8020807567696531
0,08044257181853635	0,23852328176518278	-0,8816711383436112
0,19493744204072538	0,8187904203437449	-0,27769552578382545
-0,5774967860239854	0,17470373993051377	0,7972443528813276
0,37168913232480216	-0,47084688134403746	-0,23091465548143883
0,21213818407476223	-0,419909373959284	-0,19721867848032007
-0,03207427326517616	0,04919812767510056	0,14742582336830715
-0,3779559858147714	0,29876577936248705	0,7359978492344406
-1,4538784556629134	-3,225135857797624	2,511506706321448
0,7583778488349828	-0,6348612894141961	-0,483671124045031
-0,42697959531360535	-1,5796033930306315	-1,7717337844231236
-0,6412139574130407	0,5981920889363157	-1,2635668042985964
-0,4636603569186698	-0,3289678945100071	0,5086037804369697
-0,3437041137076516	1,0422433334798844	-0,00313494563996522
-0,1547459647723617	-1,527740814876945	0,44932940536215626
0,9638501328872854	-1,4092800875722735	2,2138791481755127
0,3627602860113385	0,8696206918508248	0,21872955481264605
-0,4708982742114024	-0,7124170709523507	0,27055085375182614
0,20994583892042043	0,5459152080968162	-0,12926198326767704
-1,3045273465478844	-2,3628860753889187	1,8646278981984696
0,599986164283943	-0,4390865805356431	-0,8239998235465528
-0,19269006236203418	0,39497856176780627	-1,0327645629720947
0,9116414700584228	-0,7564236616561681	1,4000195225665788
-0,047469093782556274	1,3996840701148108	1,2278262014994101
-0,8384585358183778	3,416070148415688	3,465729562781531
-0,626240423697842	-0,04506678526180693	-0,7192541585877418
-0,051064367208850395	-0,6843393759296422	-0,7533584873671422
-0,6266614273223442	0,7933751339963168	0,3788531061945922
0,1666008367986754	0,2593122357448192	-0,016907252568133174
-0,5484114667623894	1,007150266828065	-0,3127061444701245
-0,9131903413265772	-1,0577887389560845	-1,2714576055283926
1,4957107170335175	-2,6456416668444316	3,4166141091031585
0,8108314393336545	-1,0300373161055443	1,7231698639521564
-0,7017522132842563	-0,4422241124672097	0,6930064677242425
-0,6069423388389296	0,14413238678508467	0,8168484363271268
0,9549253089061065	1,1113461645406288	-0,7641890536377339
0,5974379941829345	0,9280354268811029	-0,6007050084828398
0	0	0	0	0	0	0	0	0	0	0	0	0	0	0	0	0	0	0	0	0	0	0	0	0	0	0	0	0	0	0	0	0	0	0	0	0	0	0	0	0	0	0	0	0	0	0	0	0	0	0	0	0	0	0	0	0	0	0	0	0	0	0	0	0	0	0	0	0	0	0	0	0	0	0	0	0	0	0	0	0	0	0	0	0	0	0	0	0	0	0	0	0	0	0	0	0	0	0	0	0
-0,2042906441690907	0,7176847114720951	0,5396153593654575	1,2694673677633275	-0,7647593515845375	3,6178515815450605	-2,7619008991172747	0,5954246241313025	1,7632947461181896	-0,42062122738215	-0,6709338947726893	-1,110394053223235	1,182311363461113	-0,9904022601918768	-0,8016989205643846	1,121827607999842	0,6349043972970319	-0,7766155395319684	-0,7009277915970442	-0,05643009878988666	1,1265250686992494	0,8444082757577582	1,842921957068819	3,175684991658115	-0,47448021637769017	0,5955397495246335	1,0728293522908994	-3,3769964894700495	0,08187756912559138	0,6513937647248242	1,0548247839865446	-0,9321487636333078	0,1921806780947737	-3,487637671819116	3,8553907150520823	1,2032819813976996	-1,4098608988127161	-1,3574983520276873	-4,4780024740907125	-1,159776428773501	0,8634190653384878	1,2828509390764546	0,8494381400681624	1,1638013235083513	0,9520984693786007	-0,025523956586176084	-1,0136815230753002	-0,24746507312848964	-0,9595013856359261	1,3371197652649773	-2,6518669697943826	0,44262748675474795	-1,0803458212590609	0,30931926209779115	0,9617094114116111	0,3451997017926395	-0,48983572894466404	1,0970900300735245	0,8271192495058919	0,531902274075649	0,02032167155359461	-0,13076722425071294	-0,5442929437724018	-1,8504521749141822	-0,05546379180964042	0,5732873247125074	-0,7500620014925494	-0,892399903829494	0,8906943679701312	0,18054095900248404	-0,4440693254316927	-0,7639340725043838	3,5315717842145036	1,148284685138977	-1,714246858961025	0,7280067660727759	0,32971331008337523	-0,3016903469695929	1,1592383667735717	-1,9320414285934644	0,03051442568643347	0,9202761409960485	-0,1818834885816046	2,462456520216951	0,732237568086294	0,9255795224528119	-0,879395387371654	0,8448169143304493	4,217658449906792	-0,14042304345050022	0,09679095673714884	-0,6304906909187287	0,42235605472868354	-0,18791934149174905	-0,9859259513188388	-3,5441610868810165	-1,3210411709474992	0,7331552059298014	-0,8391446196038199	-1,0456171886587202	-0,2808529975731828